0 0.838 0.274 0.204 0.202
0 0.671 0.263 0.111 0.118
0 0.197 0.231 0.106 0.120
0 0.571 0.290 0.103 0.142
0 0.053 0.246 0.058 0.075
0 0.298 0.234 0.130 0.132
2 0.440 0.248 0.111 0.135
2 0.117 0.243 0.046 0.067
2 0.067 0.645 0.130 0.204
2 0.940 0.282 0.067 0.171
0 0.837 0.081 0.207 0.161
0 0.671 0.071 0.111 0.118
0 0.197 0.101 0.106 0.120
0 0.570 0.058 0.106 0.115
0 0.053 0.088 0.058 0.075
0 0.298 0.100 0.130 0.132
2 0.440 0.084 0.111 0.135
2 0.117 0.089 0.046 0.067
2 0.069 0.954 0.132 0.087
2 0.941 0.069 0.070 0.137
