2 0.946 0.434 0.065 0.082
2 0.602 0.488 0.132 0.142
2 0.874 0.470 0.075 0.072
2 0.703 0.440 0.055 0.065
2 0.066 0.424 0.094 0.082
2 0.811 0.461 0.089 0.099
2 0.268 0.486 0.132 0.142
2 0.524 0.383 0.048 0.067
2 0.181 0.437 0.084 0.084
2 0.052 0.380 0.060 0.055
2 0.171 0.365 0.043 0.041
2 0.334 0.398 0.029 0.039
2 0.429 0.393 0.046 0.048
2 0.615 0.413 0.058 0.051
2 0.945 0.024 0.067 0.048
2 0.702 0.017 0.058 0.034
2 0.065 0.029 0.096 0.058
2 0.810 0.014 0.091 0.029
2 0.524 0.055 0.048 0.067
2 0.180 0.023 0.087 0.046
2 0.052 0.061 0.060 0.055
2 0.171 0.076 0.043 0.041
2 0.334 0.041 0.029 0.039
2 0.429 0.046 0.046 0.048
2 0.615 0.028 0.058 0.051
