0 0.219 0.379 0.077 0.070
0 0.075 0.369 0.096 0.094
0 0.237 0.304 0.055 0.060
0 0.609 0.287 0.046 0.050
0 0.034 0.287 0.062 0.099
0 0.169 0.239 0.046 0.036
0 0.392 0.242 0.043 0.041
2 0.456 0.526 0.075 0.087
2 0.325 0.244 0.034 0.046
2 0.380 0.261 0.048 0.055
2 0.716 0.275 0.115 0.108
2 0.802 0.264 0.060 0.087
2 0.976 0.256 0.043 0.065
2 0.950 0.269 0.043 0.067
0 0.219 0.061 0.077 0.070
0 0.075 0.071 0.096 0.094
0 0.237 0.136 0.055 0.060
0 0.609 0.153 0.046 0.050
0 0.034 0.153 0.062 0.099
0 0.169 0.201 0.046 0.036
0 0.392 0.198 0.043 0.041
2 0.325 0.196 0.034 0.046
2 0.380 0.179 0.048 0.055
2 0.716 0.165 0.115 0.108
2 0.802 0.173 0.060 0.087
2 0.976 0.184 0.043 0.065
2 0.950 0.168 0.043 0.067
