0 0.155 0.358 0.065 0.080
0 0.457 0.383 0.058 0.067
0 0.297 0.377 0.055 0.075
0 0.230 0.371 0.055 0.067
0 0.808 0.337 0.101 0.111
0 0.382 0.393 0.048 0.063
0 0.528 0.388 0.050 0.067
0 0.620 0.402 0.048 0.048
0 0.355 0.366 0.046 0.053
0 0.115 0.367 0.029 0.060
0 0.155 0.088 0.065 0.080
0 0.457 0.060 0.058 0.067
0 0.297 0.069 0.055 0.075
0 0.230 0.072 0.055 0.067
0 0.808 0.106 0.101 0.111
0 0.382 0.051 0.048 0.063
0 0.528 0.055 0.050 0.067
0 0.620 0.041 0.048 0.048
0 0.355 0.077 0.046 0.053
0 0.115 0.078 0.029 0.060
