0 0.148 0.371 0.171 0.214
0 0.812 0.391 0.178 0.219
0 0.476 0.351 0.058 0.082
0 0.613 0.343 0.077 0.108
0 0.679 0.329 0.118 0.130
0 0.537 0.341 0.050 0.072
0 0.385 0.357 0.048 0.065
0 0.421 0.341 0.043 0.062
0 0.309 0.325 0.046 0.058
2 0.268 0.350 0.070 0.094
2 0.953 0.363 0.055 0.058
0 0.147 0.040 0.173 0.079
0 0.814 0.031 0.180 0.062
0 0.477 0.017 0.060 0.034
0 0.614 0.028 0.079 0.055
0 0.678 0.040 0.120 0.079
0 0.536 0.019 0.053 0.038
0 0.386 0.010 0.050 0.019
0 0.422 0.017 0.046 0.034
0 0.308 0.024 0.048 0.048
2 0.267 0.020 0.072 0.041
