2 0.332 0.376 0.087 0.096
2 0.083 0.313 0.099 0.106
2 0.953 0.341 0.089 0.118
2 0.556 0.345 0.065 0.082
2 0.470 0.346 0.050 0.070
2 0.284 0.313 0.058 0.072
2 0.756 0.325 0.065 0.077
2 0.713 0.312 0.046 0.070
2 0.510 0.292 0.043 0.072
2 0.388 0.312 0.046 0.060
2 0.207 0.298 0.048 0.055
2 0.334 0.314 0.034 0.046
2 0.871 0.313 0.036 0.043
2 0.796 0.318 0.034 0.048
2 0.082 0.037 0.101 0.075
2 0.952 0.027 0.091 0.053
2 0.555 0.016 0.067 0.031
2 0.469 0.012 0.053 0.024
2 0.285 0.029 0.060 0.058
2 0.755 0.024 0.067 0.048
2 0.712 0.029 0.048 0.058
2 0.510 0.041 0.043 0.072
2 0.387 0.027 0.048 0.053
2 0.207 0.037 0.048 0.055
2 0.335 0.022 0.036 0.043
2 0.870 0.022 0.038 0.043
2 0.797 0.020 0.036 0.041
