0 0.044 0.453 0.079 0.127
0 0.111 0.464 0.072 0.115
0 0.210 0.454 0.113 0.139
0 0.352 0.451 0.094 0.132
0 0.315 0.398 0.082 0.123
0 0.518 0.424 0.084 0.118
0 0.487 0.389 0.070 0.082
0 0.650 0.452 0.089 0.125
0 0.764 0.383 0.115 0.147
0 0.636 0.368 0.089 0.087
0 0.885 0.435 0.082 0.082
0 0.962 0.381 0.067 0.161
2 0.475 0.474 0.089 0.106
0 0.043 0.025 0.082 0.050
0 0.112 0.017 0.075 0.034
0 0.209 0.028 0.115 0.055
0 0.351 0.028 0.096 0.055
0 0.316 0.052 0.084 0.103
0 0.517 0.037 0.087 0.075
0 0.487 0.048 0.070 0.082
0 0.649 0.025 0.091 0.050
0 0.766 0.065 0.118 0.130
0 0.636 0.070 0.089 0.087
0 0.886 0.023 0.084 0.046
0 0.963 0.070 0.070 0.139
