2 0.862 0.377 0.079 0.087
2 0.462 0.416 0.067 0.091
2 0.243 0.407 0.077 0.103
2 0.035 0.470 0.060 0.089
2 0.184 0.399 0.065 0.082
2 0.748 0.361 0.096 0.111
2 0.556 0.406 0.094 0.111
2 0.941 0.404 0.055 0.067
2 0.703 0.389 0.060 0.096
2 0.350 0.391 0.089 0.113
2 0.081 0.434 0.046 0.084
2 0.862 0.055 0.079 0.087
2 0.463 0.032 0.070 0.065
2 0.244 0.040 0.079 0.079
2 0.183 0.038 0.067 0.077
2 0.748 0.072 0.096 0.111
2 0.555 0.042 0.096 0.084
2 0.940 0.032 0.058 0.065
2 0.702 0.047 0.062 0.094
2 0.349 0.050 0.091 0.101
2 0.079 0.022 0.048 0.043
