0 0.032 0.338 0.060 0.142
0 0.056 0.275 0.094 0.127
0 0.143 0.317 0.089 0.091
0 0.320 0.326 0.062 0.065
0 0.314 0.290 0.050 0.046
0 0.401 0.286 0.053 0.062
0 0.583 0.322 0.046 0.058
0 0.732 0.268 0.065 0.084
0 0.703 0.279 0.036 0.072
0 0.892 0.291 0.082 0.091
0 0.031 0.036 0.062 0.072
0 0.055 0.064 0.096 0.127
0 0.142 0.034 0.091 0.067
0 0.321 0.023 0.065 0.046
0 0.314 0.049 0.050 0.046
0 0.401 0.050 0.053 0.062
0 0.582 0.023 0.048 0.046
0 0.732 0.071 0.065 0.084
0 0.703 0.058 0.036 0.072
0 0.892 0.046 0.082 0.091
