0 0.070 0.436 0.048 0.055
0 0.197 0.430 0.043 0.058
0 0.344 0.438 0.048 0.058
0 0.298 0.472 0.034 0.046
0 0.403 0.477 0.031 0.050
0 0.456 0.448 0.050 0.050
0 0.492 0.457 0.031 0.048
0 0.537 0.482 0.031 0.046
0 0.575 0.472 0.043 0.050
0 0.631 0.453 0.026 0.046
0 0.654 0.468 0.038 0.055
0 0.703 0.452 0.041 0.058
0 0.796 0.472 0.038 0.046
0 0.934 0.470 0.050 0.060
0 0.070 0.085 0.048 0.055
0 0.197 0.089 0.043 0.058
0 0.344 0.082 0.048 0.058
0 0.298 0.049 0.034 0.046
0 0.299 0.988 0.036 0.019
0 0.403 0.044 0.031 0.050
0 0.401 0.984 0.034 0.026
0 0.456 0.073 0.050 0.050
0 0.492 0.062 0.031 0.048
0 0.537 0.040 0.031 0.046
0 0.536 0.983 0.034 0.029
0 0.575 0.049 0.043 0.050
0 0.576 0.987 0.046 0.022
0 0.631 0.069 0.026 0.046
0 0.654 0.054 0.038 0.055
0 0.655 0.988 0.041 0.019
0 0.703 0.067 0.041 0.058
0 0.796 0.049 0.038 0.046
0 0.797 0.988 0.041 0.019
0 0.934 0.052 0.050 0.060
0 0.933 0.986 0.053 0.024
