0 0.832 0.320 0.082 0.101
0 0.114 0.333 0.070 0.092
0 0.630 0.343 0.067 0.089
0 0.345 0.339 0.065 0.089
0 0.506 0.348 0.060 0.094
0 0.458 0.340 0.050 0.087
0 0.706 0.375 0.046 0.055
2 0.220 0.345 0.065 0.067
2 0.280 0.346 0.041 0.051
0 0.752 0.370 0.038 0.055
2 0.149 0.340 0.038 0.053
2 0.077 0.355 0.038 0.070
2 0.572 0.359 0.038 0.034
2 0.413 0.351 0.034 0.041
0 0.833 0.033 0.084 0.065
0 0.113 0.024 0.072 0.048
0 0.631 0.018 0.070 0.036
0 0.344 0.020 0.067 0.041
0 0.505 0.017 0.062 0.034
0 0.457 0.019 0.053 0.039
2 0.219 0.012 0.067 0.024
2 0.279 0.007 0.043 0.014
2 0.150 0.011 0.041 0.022
2 0.078 0.007 0.041 0.014
