2 0.835 0.369 0.060 0.065
2 0.226 0.379 0.048 0.070
2 0.621 0.368 0.055 0.062
2 0.385 0.364 0.048 0.060
2 0.552 0.385 0.050 0.058
2 0.475 0.371 0.050 0.065
2 0.137 0.379 0.053 0.065
2 0.310 0.361 0.053 0.062
2 0.742 0.385 0.050 0.058
2 0.690 0.370 0.053 0.067
2 0.834 0.020 0.062 0.041
2 0.227 0.017 0.050 0.034
2 0.620 0.020 0.058 0.041
2 0.386 0.022 0.050 0.043
2 0.550 0.011 0.053 0.022
2 0.474 0.019 0.053 0.038
2 0.138 0.016 0.055 0.031
2 0.311 0.024 0.055 0.048
2 0.740 0.011 0.053 0.022
2 0.691 0.020 0.055 0.041
