0 0.588 0.760 0.058 0.077
0 0.384 0.732 0.036 0.050
0 0.455 0.751 0.029 0.050
0 0.531 0.292 0.027 0.031
2 0.233 0.720 0.022 0.026
2 0.312 0.731 0.022 0.024
2 0.195 0.703 0.019 0.026
2 0.270 0.730 0.019 0.022
2 0.254 0.709 0.017 0.019
2 0.298 0.720 0.017 0.022
2 0.331 0.722 0.017 0.026
2 0.348 0.718 0.022 0.026
2 0.475 0.727 0.019 0.017
2 0.534 0.731 0.017 0.024
2 0.694 0.742 0.019 0.022
2 0.445 0.726 0.017 0.019
2 0.102 0.720 0.022 0.026
2 0.023 0.731 0.022 0.024
2 0.137 0.703 0.019 0.026
2 0.063 0.730 0.019 0.022
2 0.081 0.709 0.017 0.019
2 0.037 0.720 0.017 0.022
2 0.006 0.721 0.012 0.029
2 0.973 0.742 0.019 0.022
