0 0.517 0.406 0.053 0.053
0 0.713 0.471 0.060 0.062
0 0.911 0.401 0.072 0.067
0 0.373 0.484 0.053 0.060
0 0.668 0.406 0.053 0.058
0 0.550 0.457 0.067 0.062
0 0.272 0.458 0.043 0.050
0 0.260 0.379 0.043 0.046
0 0.031 0.447 0.043 0.034
0 0.048 0.417 0.034 0.031
0 0.103 0.440 0.043 0.043
0 0.133 0.397 0.041 0.034
1 0.379 0.552 0.113 0.190
1 0.537 0.543 0.142 0.216
1 0.688 0.546 0.135 0.221
2 0.835 0.453 0.079 0.079
1 0.038 0.501 0.072 0.142
1 0.130 0.499 0.096 0.142
1 0.285 0.529 0.103 0.183
0 0.207 0.450 0.034 0.043
1 0.215 0.520 0.084 0.180
1 0.275 0.398 0.094 0.084
0 0.196 0.395 0.041 0.036
1 0.196 0.407 0.070 0.065
1 0.141 0.431 0.050 0.094
1 0.064 0.440 0.055 0.072
1 0.816 0.534 0.123 0.240
1 0.502 0.418 0.106 0.077
0 0.518 0.025 0.055 0.050
0 0.912 0.031 0.075 0.062
0 0.669 0.026 0.055 0.053
0 0.260 0.052 0.043 0.046
0 0.049 0.014 0.036 0.029
0 0.105 0.006 0.046 0.012
0 0.133 0.031 0.041 0.034
1 0.377 0.958 0.115 0.079
1 0.536 0.956 0.144 0.084
1 0.689 0.953 0.137 0.089
2 0.834 0.008 0.082 0.017
1 0.284 0.971 0.106 0.053
1 0.214 0.976 0.087 0.043
1 0.274 0.037 0.096 0.075
0 0.196 0.035 0.041 0.036
1 0.195 0.028 0.072 0.055
1 0.139 0.023 0.053 0.046
1 0.062 0.013 0.058 0.026
1 0.815 0.954 0.125 0.087
1 0.504 0.025 0.108 0.050
