2 0.258 0.336 0.065 0.075
2 0.709 0.319 0.062 0.070
2 0.196 0.357 0.070 0.082
2 0.609 0.316 0.065 0.087
2 0.504 0.278 0.055 0.075
2 0.881 0.325 0.070 0.092
2 0.082 0.331 0.058 0.075
2 0.844 0.286 0.053 0.070
2 0.377 0.333 0.053 0.072
2 0.433 0.334 0.048 0.060
2 0.296 0.352 0.029 0.058
2 0.257 0.013 0.067 0.027
2 0.710 0.020 0.065 0.041
2 0.608 0.027 0.067 0.053
2 0.504 0.047 0.055 0.075
2 0.880 0.023 0.072 0.046
2 0.083 0.016 0.060 0.031
2 0.844 0.040 0.053 0.070
2 0.379 0.014 0.055 0.029
2 0.434 0.011 0.050 0.022
