0 0.107 0.467 0.070 0.082
0 0.169 0.420 0.050 0.070
0 0.231 0.454 0.058 0.080
0 0.407 0.459 0.065 0.089
0 0.210 0.377 0.055 0.060
0 0.246 0.340 0.055 0.058
0 0.308 0.339 0.048 0.060
0 0.469 0.306 0.048 0.058
0 0.498 0.369 0.048 0.077
0 0.519 0.442 0.058 0.080
0 0.572 0.478 0.067 0.089
0 0.570 0.327 0.053 0.070
0 0.740 0.455 0.058 0.072
0 0.697 0.402 0.053 0.063
0 0.892 0.481 0.082 0.099
1 0.087 0.631 0.144 0.395
1 0.234 0.623 0.142 0.417
1 0.407 0.623 0.190 0.417
1 0.578 0.627 0.156 0.400
1 0.698 0.635 0.137 0.393
1 0.773 0.623 0.123 0.407
1 0.901 0.629 0.188 0.405
1 0.165 0.458 0.099 0.145
1 0.303 0.481 0.106 0.137
1 0.524 0.481 0.130 0.152
1 0.709 0.457 0.163 0.161
1 0.351 0.395 0.091 0.116
1 0.494 0.410 0.123 0.145
1 0.581 0.372 0.118 0.171
1 0.468 0.345 0.108 0.135
1 0.309 0.355 0.070 0.099
1 0.242 0.361 0.070 0.096
1 0.202 0.394 0.062 0.099
0 0.245 0.012 0.058 0.024
0 0.309 0.013 0.050 0.027
0 0.470 0.029 0.050 0.058
0 0.571 0.022 0.055 0.043
1 0.088 0.918 0.147 0.159
1 0.233 0.917 0.144 0.161
1 0.406 0.917 0.192 0.161
1 0.577 0.919 0.159 0.157
1 0.697 0.917 0.139 0.161
1 0.772 0.919 0.125 0.157
1 0.903 0.917 0.190 0.161
1 0.579 0.024 0.120 0.048
1 0.466 0.029 0.111 0.058
1 0.308 0.014 0.072 0.029
1 0.240 0.011 0.072 0.022
