0 0.142 0.564 0.163 0.193
0 0.244 0.484 0.099 0.130
0 0.416 0.506 0.058 0.082
0 0.398 0.458 0.041 0.043
0 0.453 0.454 0.050 0.065
0 0.560 0.460 0.058 0.082
0 0.644 0.673 0.264 0.214
0 0.742 0.525 0.099 0.106
0 0.820 0.481 0.091 0.104
0 0.966 0.554 0.058 0.183
0 0.714 0.429 0.058 0.082
0 0.611 0.483 0.101 0.080
0 0.611 0.578 0.168 0.140
0 0.671 0.490 0.058 0.080
0 0.642 0.433 0.067 0.051
0 0.143 0.951 0.166 0.094
0 0.452 0.010 0.053 0.019
0 0.561 0.011 0.060 0.022
0 0.644 0.893 0.264 0.214
0 0.968 0.958 0.060 0.080
0 0.715 0.027 0.060 0.053
0 0.612 0.957 0.171 0.082
0 0.643 0.017 0.070 0.034
