0 0.865 0.335 0.072 0.084
0 0.645 0.345 0.055 0.065
0 0.400 0.368 0.031 0.038
0 0.438 0.370 0.038 0.053
0 0.482 0.357 0.031 0.041
0 0.504 0.352 0.026 0.041
0 0.537 0.353 0.036 0.048
0 0.588 0.341 0.041 0.058
0 0.768 0.355 0.041 0.050
0 0.812 0.362 0.034 0.041
0 0.983 0.334 0.024 0.077
0 0.865 0.105 0.072 0.084
0 0.645 0.095 0.055 0.065
0 0.400 0.070 0.031 0.038
0 0.438 0.067 0.038 0.053
0 0.482 0.083 0.031 0.041
0 0.504 0.088 0.026 0.041
0 0.537 0.084 0.036 0.048
0 0.588 0.096 0.041 0.058
0 0.768 0.085 0.041 0.050
0 0.812 0.078 0.034 0.041
0 0.983 0.103 0.024 0.077
