2 0.734 0.276 0.079 0.080
2 0.589 0.292 0.072 0.096
2 0.900 0.310 0.099 0.123
2 0.510 0.304 0.058 0.072
2 0.852 0.300 0.065 0.104
2 0.725 0.359 0.084 0.111
2 0.435 0.320 0.053 0.067
2 0.352 0.316 0.060 0.058
2 0.175 0.327 0.038 0.065
2 0.270 0.334 0.046 0.065
2 0.055 0.308 0.048 0.058
2 0.100 0.335 0.036 0.048
2 0.151 0.322 0.029 0.055
2 0.567 0.340 0.043 0.063
2 0.642 0.301 0.043 0.077
2 0.734 0.059 0.079 0.080
2 0.590 0.046 0.075 0.092
2 0.899 0.043 0.101 0.087
2 0.511 0.034 0.060 0.067
2 0.851 0.043 0.067 0.087
2 0.724 0.016 0.087 0.031
2 0.436 0.024 0.055 0.048
2 0.351 0.024 0.062 0.048
2 0.177 0.020 0.041 0.041
2 0.269 0.017 0.048 0.034
2 0.056 0.028 0.050 0.055
2 0.099 0.012 0.038 0.024
2 0.153 0.020 0.031 0.041
2 0.569 0.013 0.046 0.027
2 0.643 0.036 0.046 0.072
