0 0.334 0.319 0.137 0.195
0 0.164 0.306 0.072 0.200
0 0.639 0.308 0.145 0.197
0 0.470 0.268 0.140 0.166
0 0.280 0.221 0.116 0.173
0 0.560 0.197 0.113 0.144
0 0.729 0.228 0.118 0.202
0 0.217 0.216 0.092 0.144
0 0.158 0.163 0.060 0.111
0 0.448 0.143 0.096 0.118
0 0.802 0.224 0.072 0.159
0 0.314 0.149 0.094 0.106
0 0.681 0.053 0.075 0.072
0 0.753 0.102 0.084 0.103
0 0.843 0.195 0.058 0.163
0 0.406 0.075 0.070 0.096
0 0.359 0.125 0.072 0.111
0 0.087 0.306 0.072 0.200
0 0.016 0.222 0.031 0.175
0 0.981 0.230 0.034 0.204
0 0.041 0.218 0.082 0.147
0 0.095 0.163 0.060 0.111
0 0.949 0.224 0.072 0.159
0 0.977 0.101 0.041 0.106
0 0.908 0.195 0.058 0.163
