2 0.132 0.347 0.154 0.171
2 0.755 0.317 0.130 0.154
2 0.614 0.359 0.075 0.103
2 0.375 0.400 0.096 0.123
2 0.494 0.375 0.065 0.077
2 0.251 0.405 0.041 0.046
2 0.302 0.392 0.041 0.053
2 0.585 0.191 0.031 0.031
2 0.637 0.192 0.029 0.038
2 0.694 0.198 0.022 0.036
2 0.275 0.285 0.026 0.031
2 0.316 0.192 0.022 0.034
2 0.345 0.195 0.022 0.024
2 0.398 0.184 0.022 0.026
2 0.380 0.194 0.019 0.031
2 0.365 0.202 0.019 0.029
2 0.133 0.038 0.156 0.077
2 0.756 0.049 0.132 0.099
2 0.613 0.016 0.077 0.031
2 0.585 0.148 0.031 0.031
2 0.637 0.144 0.029 0.038
2 0.694 0.141 0.022 0.036
2 0.275 0.054 0.026 0.031
2 0.316 0.144 0.022 0.034
2 0.345 0.142 0.022 0.024
2 0.398 0.155 0.022 0.026
2 0.380 0.145 0.019 0.031
2 0.365 0.135 0.019 0.029
