0 0.671 0.457 0.120 0.118
0 0.775 0.211 0.132 0.133
0 0.651 0.571 0.106 0.116
0 0.689 0.704 0.127 0.130
0 0.621 0.228 0.123 0.142
1 0.238 0.498 0.452 0.706
1 0.626 0.754 0.272 0.202
1 0.637 0.593 0.221 0.149
1 0.799 0.628 0.368 0.441
1 0.530 0.310 0.305 0.320
1 0.724 0.272 0.231 0.260
0 0.157 0.213 0.248 0.137
0 0.775 0.076 0.132 0.133
0 0.688 0.973 0.130 0.048
0 0.620 0.065 0.125 0.130
1 0.239 0.071 0.454 0.142
1 0.625 0.930 0.274 0.135
1 0.798 0.934 0.370 0.128
1 0.529 0.069 0.308 0.137
1 0.725 0.072 0.233 0.145
0 0.157 0.073 0.248 0.137
