0 0.142 0.416 0.115 0.142
0 0.743 0.429 0.067 0.087
0 0.474 0.443 0.091 0.092
0 0.624 0.436 0.075 0.101
0 0.840 0.451 0.050 0.067
0 0.280 0.431 0.050 0.096
0 0.352 0.428 0.070 0.099
0 0.916 0.458 0.096 0.111
0 0.430 0.461 0.043 0.075
0 0.867 0.467 0.055 0.077
0 0.703 0.469 0.055 0.055
0 0.143 0.048 0.118 0.096
0 0.744 0.028 0.070 0.055
0 0.475 0.022 0.094 0.043
0 0.623 0.028 0.077 0.055
0 0.839 0.012 0.053 0.024
0 0.279 0.029 0.053 0.058
0 0.351 0.031 0.072 0.063
0 0.917 0.019 0.099 0.039
0 0.431 0.008 0.046 0.017
