0 0.512 0.244 0.082 0.103
0 0.178 0.573 0.135 0.142
0 0.647 0.599 0.130 0.144
0 0.874 0.273 0.084 0.094
0 0.855 0.518 0.118 0.123
0 0.957 0.250 0.072 0.091
0 0.453 0.296 0.079 0.101
0 0.035 0.302 0.065 0.142
0 0.821 0.333 0.099 0.127
0 0.332 0.234 0.091 0.113
0 0.112 0.407 0.108 0.132
0 0.709 0.281 0.091 0.082
0 0.184 0.291 0.103 0.139
0 0.827 0.226 0.101 0.096
0 0.739 0.601 0.103 0.115
0 0.321 0.389 0.118 0.139
0 0.501 0.356 0.094 0.125
0 0.719 0.363 0.106 0.149
0 0.559 0.401 0.099 0.096
0 0.816 0.487 0.118 0.132
2 0.541 0.726 0.125 0.139
2 0.165 0.737 0.118 0.127
2 0.957 0.543 0.077 0.154
2 0.048 0.645 0.087 0.127
1 0.340 0.578 0.204 0.483
1 0.085 0.459 0.123 0.226
1 0.198 0.365 0.127 0.274
1 0.347 0.263 0.151 0.166
1 0.536 0.505 0.135 0.293
1 0.951 0.647 0.094 0.341
1 0.654 0.681 0.163 0.272
1 0.855 0.639 0.123 0.346
1 0.484 0.556 0.113 0.507
1 0.958 0.350 0.079 0.286
0 0.512 0.109 0.082 0.103
0 0.874 0.081 0.084 0.094
0 0.957 0.101 0.072 0.091
0 0.453 0.055 0.079 0.101
0 0.034 0.061 0.067 0.123
0 0.820 0.042 0.101 0.084
0 0.332 0.119 0.091 0.113
0 0.709 0.070 0.091 0.082
0 0.183 0.066 0.106 0.132
0 0.827 0.125 0.101 0.096
0 0.320 0.017 0.120 0.034
0 0.500 0.030 0.096 0.060
0 0.720 0.032 0.108 0.065
2 0.541 0.916 0.125 0.139
2 0.165 0.907 0.118 0.127
2 0.049 0.965 0.089 0.065
1 0.339 0.910 0.207 0.175
1 0.197 0.062 0.130 0.125
1 0.347 0.090 0.151 0.166
1 0.950 0.911 0.096 0.173
1 0.655 0.911 0.166 0.173
1 0.853 0.913 0.125 0.168
1 0.483 0.915 0.115 0.166
1 0.957 0.073 0.082 0.147
