0 0.651 0.316 0.139 0.190
0 0.398 0.310 0.075 0.087
0 0.338 0.319 0.046 0.055
0 0.232 0.339 0.036 0.038
0 0.195 0.319 0.029 0.031
0 0.180 0.343 0.034 0.031
0 0.142 0.332 0.029 0.024
0 0.126 0.344 0.026 0.029
0 0.977 0.296 0.022 0.029
0 0.936 0.308 0.031 0.034
0 0.653 0.061 0.142 0.123
0 0.397 0.038 0.077 0.077
0 0.337 0.026 0.048 0.053
0 0.231 0.012 0.038 0.024
0 0.195 0.025 0.029 0.031
0 0.181 0.008 0.036 0.017
0 0.143 0.012 0.031 0.024
0 0.125 0.007 0.029 0.014
0 0.977 0.046 0.022 0.029
0 0.936 0.034 0.031 0.034
