0 0.566 0.380 0.060 0.080
0 0.412 0.406 0.050 0.070
0 0.293 0.406 0.048 0.070
0 0.809 0.401 0.050 0.075
0 0.469 0.398 0.053 0.067
0 0.696 0.416 0.055 0.080
0 0.883 0.401 0.099 0.128
0 0.126 0.423 0.050 0.070
0 0.065 0.402 0.053 0.063
0 0.219 0.400 0.048 0.058
0 0.654 0.418 0.038 0.060
0 0.757 0.414 0.034 0.048
0 0.327 0.419 0.034 0.053
2 0.957 0.410 0.048 0.072
0 0.609 0.407 0.036 0.053
0 0.377 0.411 0.034 0.051
0 0.566 0.042 0.060 0.080
0 0.411 0.025 0.053 0.051
0 0.294 0.025 0.050 0.051
0 0.808 0.029 0.053 0.058
0 0.470 0.029 0.055 0.058
0 0.695 0.023 0.058 0.046
0 0.882 0.042 0.101 0.084
0 0.125 0.017 0.053 0.034
0 0.066 0.025 0.055 0.051
0 0.220 0.025 0.050 0.051
0 0.655 0.017 0.041 0.034
0 0.758 0.016 0.036 0.031
0 0.328 0.014 0.036 0.029
2 0.958 0.024 0.050 0.048
0 0.608 0.020 0.038 0.041
0 0.379 0.018 0.036 0.036
