0 0.441 0.369 0.118 0.142
0 0.599 0.395 0.082 0.099
0 0.806 0.343 0.084 0.113
0 0.083 0.417 0.099 0.118
0 0.204 0.411 0.091 0.115
0 0.738 0.332 0.115 0.139
0 0.530 0.412 0.065 0.075
0 0.377 0.385 0.087 0.115
0 0.927 0.230 0.142 0.123
1 0.073 0.594 0.137 0.457
1 0.219 0.593 0.144 0.464
1 0.352 0.581 0.132 0.493
1 0.439 0.567 0.320 0.519
1 0.631 0.587 0.123 0.476
1 0.779 0.548 0.221 0.558
1 0.927 0.498 0.142 0.659
0 0.440 0.018 0.120 0.036
0 0.805 0.024 0.087 0.048
0 0.739 0.036 0.118 0.072
0 0.927 0.105 0.142 0.123
1 0.072 0.917 0.139 0.161
1 0.220 0.916 0.147 0.163
1 0.351 0.915 0.135 0.166
1 0.438 0.915 0.322 0.166
1 0.630 0.916 0.125 0.163
1 0.780 0.915 0.224 0.166
1 0.925 0.083 0.144 0.166
1 0.925 0.915 0.144 0.166
