2 0.942 0.359 0.062 0.094
2 0.064 0.363 0.065 0.087
2 0.764 0.292 0.067 0.084
2 0.305 0.325 0.067 0.082
2 0.183 0.321 0.067 0.084
2 0.367 0.308 0.055 0.082
2 0.839 0.321 0.058 0.065
2 0.228 0.270 0.058 0.070
2 0.838 0.251 0.055 0.060
2 0.476 0.335 0.058 0.060
2 0.502 0.286 0.053 0.067
2 0.429 0.262 0.046 0.058
2 0.611 0.284 0.062 0.077
2 0.667 0.284 0.050 0.067
2 0.763 0.231 0.041 0.058
2 0.803 0.389 0.067 0.072
2 0.230 0.008 0.060 0.017
2 0.837 0.016 0.058 0.031
2 0.428 0.010 0.048 0.019
2 0.762 0.025 0.043 0.050
