0 0.620 0.695 0.051 0.062
2 0.219 0.719 0.024 0.048
2 0.248 0.743 0.029 0.038
2 0.323 0.731 0.043 0.043
2 0.437 0.734 0.036 0.036
2 0.718 0.736 0.048 0.053
2 0.753 0.706 0.041 0.046
2 0.652 0.709 0.036 0.043
2 0.543 0.707 0.036 0.043
2 0.586 0.706 0.034 0.046
2 0.467 0.721 0.039 0.038
2 0.387 0.725 0.041 0.046
0 0.972 0.695 0.051 0.062
2 0.190 0.719 0.024 0.048
2 0.161 0.743 0.029 0.038
2 0.087 0.731 0.043 0.043
2 0.872 0.736 0.048 0.053
2 0.840 0.706 0.041 0.046
2 0.941 0.709 0.036 0.043
2 0.993 0.704 0.010 0.048
2 0.025 0.725 0.041 0.046
