0 0.198 0.411 0.055 0.065
0 0.357 0.416 0.050 0.055
0 0.597 0.407 0.046 0.058
0 0.468 0.423 0.041 0.051
0 0.246 0.418 0.041 0.051
0 0.560 0.418 0.034 0.051
0 0.642 0.424 0.043 0.048
0 0.411 0.433 0.029 0.041
0 0.379 0.423 0.026 0.041
2 0.297 0.433 0.031 0.041
2 0.025 0.447 0.046 0.142
0 0.197 0.031 0.058 0.063
0 0.356 0.027 0.053 0.053
0 0.597 0.031 0.046 0.058
0 0.466 0.022 0.043 0.043
0 0.245 0.024 0.043 0.048
0 0.561 0.024 0.036 0.048
0 0.643 0.020 0.046 0.041
0 0.412 0.014 0.031 0.029
0 0.377 0.019 0.029 0.039
2 0.296 0.014 0.034 0.029
2 0.024 0.033 0.048 0.065
