0 0.444 0.452 0.060 0.080
0 0.930 0.536 0.067 0.065
0 0.143 0.453 0.046 0.048
0 0.555 0.458 0.058 0.053
0 0.755 0.470 0.029 0.034
0 0.730 0.428 0.022 0.022
0 0.319 0.431 0.050 0.048
0 0.264 0.476 0.043 0.055
0 0.410 0.457 0.026 0.041
0 0.609 0.443 0.031 0.034
0 0.386 0.422 0.022 0.029
0 0.508 0.427 0.022 0.019
2 0.079 0.457 0.048 0.065
2 0.623 0.465 0.043 0.053
2 0.495 0.451 0.029 0.034
1 0.911 0.648 0.168 0.284
1 0.770 0.545 0.065 0.183
1 0.733 0.476 0.043 0.118
2 0.796 0.429 0.014 0.019
1 0.804 0.447 0.041 0.055
1 0.639 0.586 0.082 0.294
1 0.456 0.623 0.151 0.402
1 0.087 0.602 0.139 0.361
1 0.160 0.558 0.089 0.239
1 0.269 0.595 0.082 0.304
1 0.331 0.559 0.075 0.304
1 0.381 0.455 0.041 0.101
1 0.508 0.504 0.070 0.130
1 0.570 0.605 0.082 0.342
1 0.666 0.465 0.043 0.130
1 0.635 0.404 0.038 0.070
0 0.665 0.412 0.017 0.024
0 0.633 0.381 0.022 0.024
1 0.912 0.937 0.171 0.120
1 0.641 0.966 0.084 0.063
1 0.454 0.920 0.154 0.154
1 0.088 0.941 0.142 0.113
1 0.270 0.959 0.084 0.077
1 0.571 0.945 0.084 0.106
