0 0.078 0.452 0.017 0.019
0 0.447 0.436 0.019 0.017
0 0.512 0.499 0.024 0.022
0 0.810 0.513 0.029 0.036
0 0.934 0.519 0.036 0.034
0 0.675 0.447 0.014 0.014
0 0.663 0.440 0.014 0.014
0 0.252 0.404 0.010 0.014
0 0.238 0.412 0.010 0.012
1 0.072 0.490 0.038 0.091
1 0.238 0.433 0.014 0.058
1 0.256 0.425 0.017 0.048
1 0.514 0.553 0.038 0.135
1 0.441 0.459 0.031 0.067
1 0.683 0.486 0.029 0.091
1 0.661 0.472 0.019 0.079
1 0.808 0.579 0.072 0.154
1 0.942 0.607 0.101 0.200
0 0.078 0.125 0.017 0.019
0 0.078 0.962 0.017 0.019
0 0.447 0.143 0.019 0.017
0 0.447 0.980 0.019 0.017
0 0.512 0.081 0.024 0.022
0 0.512 0.917 0.024 0.022
0 0.810 0.066 0.029 0.036
0 0.810 0.903 0.029 0.036
0 0.934 0.058 0.036 0.034
0 0.934 0.894 0.036 0.034
0 0.675 0.130 0.014 0.014
0 0.675 0.966 0.014 0.014
0 0.663 0.137 0.014 0.014
0 0.663 0.974 0.014 0.014
0 0.252 0.173 0.010 0.014
0 0.238 0.167 0.010 0.012
0 0.239 0.996 0.012 0.002
1 0.072 0.087 0.038 0.091
1 0.072 0.923 0.038 0.091
1 0.238 0.144 0.014 0.058
1 0.239 0.975 0.017 0.046
1 0.256 0.151 0.017 0.048
1 0.255 0.981 0.019 0.034
1 0.516 0.047 0.041 0.094
1 0.514 0.861 0.038 0.135
1 0.441 0.118 0.031 0.067
1 0.441 0.954 0.031 0.067
1 0.683 0.091 0.029 0.091
1 0.683 0.928 0.029 0.091
1 0.661 0.107 0.019 0.079
1 0.661 0.944 0.019 0.079
1 0.809 0.038 0.075 0.077
1 0.808 0.834 0.072 0.154
1 0.944 0.036 0.103 0.072
1 0.942 0.809 0.101 0.200
