0 0.258 0.756 0.094 0.099
0 0.078 0.654 0.099 0.096
0 0.581 0.812 0.084 0.087
0 0.398 0.450 0.070 0.072
0 0.666 0.555 0.072 0.072
0 0.790 0.282 0.060 0.065
0 0.778 0.678 0.079 0.067
0 0.609 0.520 0.050 0.065
0 0.376 0.395 0.060 0.060
0 0.282 0.439 0.070 0.065
0 0.526 0.532 0.053 0.065
0 0.726 0.810 0.091 0.087
0 0.871 0.746 0.089 0.070
0 0.904 0.244 0.062 0.070
0 0.917 0.168 0.055 0.058
0 0.868 0.156 0.058 0.038
0 0.257 0.958 0.096 0.079
0 0.581 0.911 0.084 0.087
0 0.788 0.011 0.062 0.022
0 0.726 0.913 0.091 0.087
0 0.870 0.970 0.091 0.055
0 0.905 0.031 0.065 0.062
0 0.917 0.101 0.055 0.058
0 0.868 0.113 0.058 0.038
