0 0.757 0.307 0.067 0.070
0 0.334 0.272 0.091 0.092
0 0.850 0.305 0.127 0.137
0 0.183 0.295 0.082 0.084
0 0.446 0.596 0.060 0.055
0 0.219 0.282 0.058 0.082
0 0.034 0.475 0.058 0.087
0 0.088 0.290 0.041 0.055
0 0.142 0.298 0.048 0.055
0 0.486 0.411 0.058 0.051
0 0.416 0.411 0.043 0.051
0 0.757 0.134 0.067 0.070
0 0.334 0.166 0.091 0.092
0 0.850 0.136 0.127 0.137
0 0.183 0.146 0.082 0.084
0 0.446 0.970 0.060 0.055
0 0.219 0.157 0.058 0.082
0 0.088 0.151 0.041 0.055
0 0.142 0.143 0.048 0.055
0 0.486 0.030 0.058 0.051
0 0.416 0.030 0.043 0.051
