0 0.791 0.287 0.058 0.058
0 0.119 0.483 0.041 0.055
0 0.457 0.548 0.048 0.051
0 0.471 0.522 0.048 0.046
0 0.844 0.320 0.029 0.039
0 0.739 0.431 0.046 0.039
0 0.553 0.341 0.014 0.017
0 0.490 0.345 0.019 0.019
0 0.513 0.337 0.017 0.019
0 0.531 0.343 0.014 0.017
1 0.123 0.578 0.087 0.236
1 0.446 0.676 0.195 0.263
1 0.798 0.428 0.067 0.330
1 0.794 0.484 0.147 0.154
1 0.855 0.394 0.046 0.171
1 0.495 0.566 0.082 0.130
1 0.494 0.381 0.022 0.087
1 0.559 0.378 0.026 0.096
1 0.532 0.378 0.022 0.092
1 0.513 0.377 0.022 0.099
0 0.791 0.046 0.058 0.058
0 0.845 0.017 0.031 0.034
0 0.512 0.004 0.019 0.007
1 0.445 0.929 0.197 0.137
1 0.799 0.036 0.070 0.072
