2 0.284 0.345 0.130 0.183
2 0.738 0.439 0.130 0.173
2 0.470 0.398 0.118 0.154
2 0.850 0.342 0.127 0.169
2 0.727 0.349 0.103 0.101
2 0.167 0.361 0.103 0.120
2 0.061 0.336 0.118 0.166
2 0.653 0.401 0.075 0.133
2 0.952 0.339 0.087 0.176
2 0.526 0.375 0.062 0.142
2 0.349 0.381 0.067 0.154
2 0.285 0.077 0.132 0.154
2 0.739 0.028 0.132 0.055
2 0.469 0.043 0.120 0.087
2 0.849 0.075 0.130 0.149
2 0.727 0.055 0.103 0.101
2 0.166 0.053 0.106 0.106
2 0.060 0.077 0.120 0.154
2 0.651 0.036 0.077 0.072
2 0.953 0.078 0.089 0.157
2 0.528 0.052 0.065 0.104
2 0.350 0.052 0.070 0.104
