0 0.931 0.770 0.084 0.084
0 0.651 0.637 0.058 0.065
0 0.976 0.720 0.043 0.082
0 0.544 0.608 0.046 0.055
0 0.018 0.689 0.031 0.058
0 0.126 0.670 0.041 0.058
0 0.219 0.673 0.043 0.046
0 0.219 0.201 0.034 0.027
0 0.286 0.357 0.034 0.034
0 0.422 0.616 0.041 0.041
0 0.599 0.710 0.053 0.070
0 0.494 0.702 0.050 0.065
0 0.438 0.708 0.048 0.063
0 0.429 0.682 0.046 0.058
0 0.350 0.667 0.036 0.043
0 0.506 0.535 0.041 0.034
0 0.466 0.510 0.029 0.036
0 0.389 0.520 0.038 0.043
0 0.438 0.446 0.029 0.043
0 0.395 0.463 0.026 0.034
2 0.796 0.714 0.058 0.046
0 0.931 0.900 0.084 0.084
0 0.976 0.947 0.043 0.082
0 0.017 0.973 0.034 0.048
0 0.125 0.983 0.043 0.029
0 0.220 0.984 0.046 0.027
0 0.219 0.134 0.034 0.027
0 0.599 0.960 0.053 0.070
0 0.494 0.967 0.050 0.065
0 0.438 0.959 0.048 0.063
0 0.428 0.977 0.048 0.041
0 0.349 0.988 0.038 0.019
2 0.796 0.955 0.058 0.046
