0 0.111 0.409 0.062 0.072
0 0.358 0.391 0.058 0.060
0 0.649 0.373 0.048 0.058
0 0.440 0.364 0.053 0.060
0 0.028 0.359 0.050 0.094
0 0.218 0.393 0.050 0.055
0 0.167 0.400 0.041 0.046
0 0.876 0.403 0.046 0.055
0 0.980 0.373 0.036 0.082
0 0.957 0.355 0.034 0.041
0 0.474 0.380 0.034 0.043
0 0.042 0.405 0.041 0.055
0 0.877 0.374 0.034 0.041
0 0.112 0.031 0.065 0.062
0 0.358 0.044 0.058 0.060
0 0.649 0.060 0.048 0.058
0 0.440 0.071 0.053 0.060
0 0.028 0.076 0.050 0.094
0 0.218 0.042 0.050 0.055
0 0.167 0.035 0.041 0.046
0 0.876 0.032 0.046 0.055
0 0.980 0.060 0.036 0.082
0 0.957 0.081 0.034 0.041
0 0.474 0.053 0.034 0.043
0 0.042 0.030 0.041 0.055
0 0.877 0.061 0.034 0.041
