0 0.941 0.371 0.113 0.135
0 0.740 0.405 0.106 0.120
0 0.308 0.569 0.067 0.077
2 0.201 0.404 0.075 0.094
2 0.385 0.395 0.082 0.101
2 0.576 0.389 0.079 0.104
2 0.514 0.408 0.067 0.094
2 0.031 0.413 0.058 0.108
2 0.168 0.445 0.043 0.070
0 0.809 0.595 0.060 0.082
2 0.886 0.414 0.065 0.106
0 0.940 0.049 0.115 0.099
0 0.742 0.029 0.108 0.058
2 0.200 0.023 0.077 0.046
2 0.386 0.029 0.084 0.058
2 0.575 0.033 0.082 0.065
2 0.516 0.020 0.070 0.041
2 0.032 0.022 0.060 0.043
0 0.808 0.982 0.062 0.031
2 0.885 0.020 0.067 0.041
