0 0.201 0.389 0.142 0.181
0 0.272 0.446 0.072 0.082
0 0.361 0.418 0.101 0.099
0 0.436 0.437 0.041 0.055
0 0.482 0.429 0.055 0.063
0 0.537 0.431 0.065 0.087
0 0.776 0.425 0.058 0.080
0 0.751 0.435 0.036 0.051
0 0.827 0.386 0.096 0.125
0 0.903 0.389 0.075 0.104
0 0.936 0.417 0.036 0.058
0 0.200 0.071 0.144 0.142
0 0.273 0.018 0.075 0.036
0 0.362 0.036 0.103 0.072
0 0.435 0.016 0.043 0.031
0 0.481 0.022 0.058 0.043
0 0.536 0.027 0.067 0.053
0 0.778 0.028 0.060 0.055
0 0.750 0.016 0.038 0.031
0 0.828 0.059 0.099 0.118
0 0.901 0.052 0.077 0.104
0 0.935 0.027 0.038 0.053
