0 0.946 0.375 0.070 0.091
0 0.048 0.412 0.058 0.075
0 0.752 0.394 0.058 0.072
0 0.849 0.393 0.058 0.075
0 0.654 0.394 0.053 0.067
0 0.498 0.407 0.053 0.065
0 0.274 0.401 0.058 0.058
0 0.195 0.429 0.053 0.060
0 0.583 0.411 0.055 0.067
0 0.141 0.416 0.046 0.062
0 0.422 0.405 0.046 0.060
0 0.347 0.429 0.046 0.060
0 0.945 0.046 0.072 0.091
0 0.049 0.023 0.060 0.046
0 0.754 0.031 0.060 0.062
0 0.850 0.032 0.060 0.065
0 0.655 0.030 0.055 0.060
0 0.499 0.023 0.055 0.046
0 0.275 0.024 0.060 0.048
0 0.196 0.011 0.055 0.022
0 0.582 0.022 0.058 0.043
0 0.139 0.018 0.048 0.036
0 0.421 0.023 0.048 0.046
0 0.346 0.011 0.048 0.022
