0 0.099 0.319 0.058 0.065
2 0.767 0.297 0.072 0.094
2 0.171 0.290 0.062 0.070
2 0.427 0.262 0.075 0.096
2 0.907 0.268 0.060 0.079
2 0.565 0.302 0.058 0.079
2 0.665 0.329 0.055 0.072
2 0.320 0.322 0.058 0.077
0 0.281 0.326 0.029 0.046
2 0.526 0.317 0.034 0.058
2 0.952 0.305 0.058 0.067
2 0.380 0.310 0.043 0.058
0 0.100 0.029 0.060 0.058
2 0.768 0.047 0.075 0.094
2 0.171 0.054 0.062 0.070
2 0.427 0.079 0.075 0.096
2 0.907 0.076 0.060 0.079
2 0.565 0.042 0.058 0.079
2 0.663 0.025 0.058 0.050
2 0.321 0.030 0.060 0.060
0 0.282 0.020 0.031 0.041
2 0.528 0.028 0.036 0.055
2 0.952 0.036 0.058 0.067
2 0.380 0.031 0.043 0.058
