0 0.707 0.554 0.072 0.077
0 0.607 0.525 0.060 0.072
0 0.478 0.487 0.048 0.063
0 0.272 0.340 0.034 0.039
0 0.418 0.370 0.038 0.051
0 0.500 0.378 0.043 0.043
0 0.576 0.377 0.041 0.041
0 0.855 0.454 0.046 0.055
0 0.782 0.435 0.046 0.046
0 0.748 0.418 0.038 0.046
0 0.494 0.343 0.041 0.046
0 0.356 0.349 0.034 0.034
0 0.625 0.382 0.038 0.046
0 0.654 0.384 0.034 0.041
0 0.591 0.349 0.038 0.034
0 0.603 0.325 0.034 0.034
0 0.696 0.395 0.041 0.039
0 0.775 0.383 0.046 0.043
0 0.712 0.341 0.034 0.031
0 0.220 0.351 0.050 0.046
0 0.184 0.345 0.036 0.039
0 0.156 0.333 0.034 0.034
0 0.135 0.323 0.034 0.034
0 0.117 0.322 0.026 0.031
0 0.082 0.325 0.034 0.034
0 0.224 0.296 0.034 0.029
0 0.392 0.319 0.024 0.022
0 0.957 0.402 0.043 0.048
0 0.862 0.304 0.026 0.039
0 0.285 0.278 0.026 0.027
0 0.036 0.282 0.029 0.029
0 0.893 0.295 0.026 0.041
0 0.968 0.354 0.041 0.034
0 0.227 0.267 0.022 0.024
0 0.739 0.311 0.022 0.024
0 0.708 0.984 0.075 0.027
0 0.272 0.099 0.034 0.039
0 0.418 0.071 0.038 0.051
0 0.500 0.060 0.043 0.043
0 0.576 0.064 0.041 0.041
0 0.853 0.007 0.048 0.014
0 0.781 0.014 0.048 0.029
0 0.749 0.023 0.041 0.046
0 0.494 0.098 0.041 0.046
0 0.356 0.089 0.034 0.034
0 0.625 0.059 0.038 0.046
0 0.654 0.057 0.034 0.041
0 0.591 0.089 0.038 0.034
0 0.603 0.113 0.034 0.034
0 0.696 0.043 0.041 0.039
0 0.775 0.055 0.046 0.043
0 0.712 0.100 0.034 0.031
0 0.220 0.090 0.050 0.046
0 0.184 0.094 0.036 0.039
0 0.156 0.106 0.034 0.034
0 0.135 0.116 0.034 0.034
0 0.117 0.119 0.026 0.031
0 0.082 0.113 0.034 0.034
0 0.224 0.142 0.034 0.029
0 0.392 0.122 0.024 0.022
0 0.957 0.036 0.043 0.048
0 0.862 0.135 0.026 0.039
0 0.285 0.163 0.026 0.027
0 0.036 0.157 0.029 0.029
0 0.893 0.146 0.026 0.041
0 0.968 0.084 0.041 0.034
0 0.227 0.171 0.022 0.024
0 0.739 0.128 0.022 0.024
