2 0.173 0.353 0.106 0.113
2 0.867 0.365 0.065 0.089
2 0.567 0.343 0.082 0.108
2 0.347 0.333 0.094 0.106
2 0.740 0.320 0.106 0.135
2 0.963 0.346 0.055 0.089
2 0.518 0.376 0.041 0.067
2 0.621 0.357 0.041 0.067
2 0.096 0.373 0.048 0.067
2 0.246 0.372 0.031 0.046
2 0.028 0.387 0.050 0.070
2 0.468 0.378 0.031 0.039
2 0.650 0.370 0.041 0.055
2 0.419 0.394 0.041 0.051
2 0.397 0.354 0.034 0.058
2 0.981 0.310 0.029 0.128
2 0.174 0.019 0.108 0.039
2 0.569 0.023 0.084 0.046
2 0.346 0.028 0.096 0.055
2 0.742 0.041 0.108 0.082
2 0.962 0.017 0.058 0.034
2 0.982 0.045 0.031 0.089
