0 0.082 0.251 0.062 0.065
0 0.404 0.513 0.043 0.046
0 0.714 0.633 0.048 0.075
0 0.583 0.505 0.036 0.034
0 0.543 0.483 0.038 0.043
0 0.112 0.363 0.050 0.058
0 0.441 0.357 0.041 0.046
0 0.712 0.422 0.048 0.046
0 0.650 0.308 0.036 0.048
0 0.145 0.255 0.036 0.043
0 0.590 0.296 0.031 0.034
0 0.719 0.272 0.024 0.043
0 0.694 0.316 0.036 0.046
0 0.175 0.287 0.034 0.041
0 0.401 0.428 0.038 0.038
0 0.351 0.442 0.029 0.038
0 0.413 0.331 0.029 0.031
0 0.379 0.444 0.031 0.041
0 0.082 0.083 0.062 0.065
0 0.650 0.024 0.036 0.048
0 0.145 0.077 0.036 0.043
0 0.590 0.036 0.031 0.034
0 0.719 0.060 0.024 0.043
0 0.692 0.020 0.038 0.041
0 0.175 0.047 0.034 0.041
0 0.415 0.010 0.031 0.019
