0 0.744 0.516 0.065 0.075
2 0.311 0.520 0.050 0.060
2 0.867 0.522 0.046 0.062
2 0.417 0.530 0.046 0.055
2 0.242 0.522 0.050 0.058
2 0.638 0.525 0.050 0.060
2 0.913 0.530 0.043 0.065
2 0.504 0.535 0.050 0.055
0 0.026 0.520 0.034 0.041
0 0.172 0.543 0.041 0.043
2 0.689 0.560 0.031 0.038
0 0.743 0.014 0.067 0.029
0 0.743 0.966 0.067 0.062
2 0.310 0.008 0.053 0.017
2 0.311 0.970 0.050 0.060
2 0.865 0.008 0.048 0.017
2 0.867 0.966 0.046 0.062
2 0.417 0.960 0.046 0.055
2 0.240 0.007 0.053 0.014
2 0.242 0.966 0.050 0.058
2 0.637 0.006 0.053 0.012
2 0.638 0.965 0.050 0.060
2 0.913 0.960 0.043 0.065
2 0.504 0.956 0.050 0.055
0 0.026 0.970 0.034 0.041
0 0.172 0.945 0.041 0.043
2 0.689 0.928 0.031 0.038
