0 0.340 0.317 0.147 0.178
0 0.750 0.419 0.067 0.079
0 0.452 0.453 0.067 0.084
0 0.674 0.492 0.055 0.070
0 0.114 0.492 0.041 0.050
0 0.529 0.506 0.038 0.046
0 0.620 0.510 0.034 0.038
1 0.129 0.585 0.118 0.238
1 0.803 0.606 0.178 0.447
1 0.678 0.606 0.087 0.303
1 0.619 0.576 0.050 0.166
1 0.530 0.605 0.070 0.238
1 0.452 0.621 0.096 0.421
1 0.297 0.524 0.238 0.606
0 0.339 0.050 0.149 0.101
1 0.804 0.917 0.180 0.161
1 0.679 0.953 0.089 0.089
1 0.529 0.970 0.072 0.055
1 0.453 0.916 0.099 0.163
1 0.296 0.918 0.240 0.159
