2 0.464 0.312 0.067 0.084
2 0.303 0.308 0.072 0.092
2 0.695 0.305 0.072 0.084
2 0.174 0.300 0.079 0.094
2 0.102 0.334 0.065 0.075
2 0.865 0.314 0.058 0.084
2 0.843 0.307 0.050 0.080
2 0.376 0.346 0.046 0.075
2 0.222 0.351 0.036 0.041
2 0.430 0.340 0.034 0.058
2 0.589 0.306 0.053 0.072
2 0.635 0.311 0.043 0.058
2 0.796 0.325 0.034 0.048
2 0.055 0.343 0.034 0.070
2 0.465 0.033 0.070 0.065
2 0.304 0.036 0.075 0.072
2 0.696 0.036 0.075 0.072
2 0.173 0.041 0.082 0.082
2 0.101 0.019 0.067 0.039
2 0.867 0.031 0.060 0.063
2 0.841 0.034 0.053 0.067
2 0.375 0.013 0.048 0.027
2 0.431 0.012 0.036 0.024
2 0.590 0.033 0.055 0.065
2 0.636 0.027 0.046 0.053
2 0.797 0.017 0.036 0.034
2 0.056 0.013 0.036 0.027
