2 0.601 0.329 0.067 0.075
2 0.108 0.388 0.130 0.140
2 0.940 0.340 0.062 0.063
2 0.805 0.333 0.048 0.058
2 0.864 0.340 0.046 0.053
2 0.434 0.359 0.046 0.058
2 0.710 0.341 0.041 0.051
2 0.233 0.355 0.043 0.051
2 0.320 0.359 0.048 0.058
2 0.647 0.354 0.034 0.048
2 0.601 0.054 0.067 0.075
2 0.109 0.033 0.132 0.065
2 0.940 0.041 0.062 0.063
2 0.805 0.048 0.048 0.058
2 0.864 0.041 0.046 0.053
2 0.433 0.027 0.048 0.053
2 0.710 0.042 0.041 0.051
2 0.233 0.028 0.043 0.051
2 0.321 0.027 0.050 0.053
2 0.647 0.027 0.034 0.048
