0 0.594 0.234 0.067 0.099
0 0.756 0.261 0.156 0.180
0 0.490 0.258 0.091 0.108
0 0.925 0.261 0.120 0.166
0 0.191 0.280 0.055 0.075
0 0.421 0.328 0.125 0.151
0 0.548 0.268 0.043 0.065
0 0.849 0.248 0.053 0.091
0 0.254 0.292 0.036 0.055
0 0.317 0.291 0.034 0.048
0 0.356 0.284 0.038 0.053
0 0.225 0.273 0.041 0.050
0 0.594 0.100 0.067 0.099
0 0.755 0.082 0.159 0.163
0 0.490 0.076 0.091 0.108
0 0.927 0.078 0.123 0.156
0 0.191 0.054 0.055 0.075
0 0.422 0.041 0.127 0.082
0 0.548 0.066 0.043 0.065
0 0.849 0.084 0.053 0.091
0 0.254 0.042 0.036 0.055
0 0.317 0.041 0.034 0.048
0 0.356 0.048 0.038 0.053
0 0.225 0.061 0.041 0.050
