0 0.268 0.317 0.065 0.089
0 0.215 0.316 0.055 0.072
0 0.511 0.335 0.070 0.087
0 0.715 0.313 0.079 0.101
0 0.415 0.320 0.070 0.092
0 0.368 0.330 0.048 0.082
1 0.065 0.502 0.130 0.547
1 0.734 0.525 0.123 0.525
1 0.529 0.541 0.125 0.494
1 0.379 0.558 0.185 0.552
1 0.255 0.492 0.120 0.429
1 0.195 0.478 0.106 0.393
0 0.267 0.031 0.067 0.063
0 0.214 0.028 0.058 0.055
0 0.510 0.022 0.072 0.043
0 0.714 0.036 0.082 0.072
0 0.413 0.030 0.072 0.060
0 0.369 0.023 0.050 0.046
1 0.733 0.940 0.125 0.116
1 0.530 0.940 0.127 0.116
1 0.377 0.917 0.188 0.161
