0 0.081 0.653 0.123 0.125
0 0.430 0.617 0.096 0.106
0 0.201 0.361 0.041 0.039
0 0.421 0.504 0.048 0.043
0 0.530 0.399 0.046 0.046
0 0.452 0.390 0.038 0.034
0 0.154 0.334 0.038 0.031
0 0.186 0.311 0.026 0.034
0 0.566 0.390 0.031 0.034
0 0.016 0.247 0.026 0.055
0 0.171 0.224 0.029 0.024
0 0.528 0.330 0.026 0.024
0 0.618 0.406 0.038 0.041
0 0.772 0.408 0.058 0.055
0 0.007 0.364 0.010 0.058
0 0.079 0.971 0.125 0.053
0 0.155 0.013 0.041 0.027
0 0.186 0.031 0.026 0.034
0 0.016 0.098 0.026 0.055
0 0.171 0.118 0.029 0.024
0 0.528 0.012 0.026 0.024
0 0.008 0.005 0.012 0.010
