0 0.251 0.268 0.175 0.185
0 0.659 0.227 0.062 0.103
0 0.413 0.219 0.058 0.072
0 0.480 0.220 0.036 0.060
0 0.762 0.244 0.082 0.127
2 0.358 0.288 0.077 0.125
2 0.435 0.312 0.067 0.096
2 0.530 0.221 0.031 0.043
2 0.591 0.231 0.048 0.058
2 0.852 0.266 0.209 0.195
0 0.250 0.079 0.178 0.159
0 0.659 0.107 0.062 0.103
0 0.413 0.113 0.058 0.072
0 0.480 0.114 0.036 0.060
0 0.762 0.090 0.082 0.127
2 0.359 0.054 0.079 0.108
2 0.436 0.035 0.070 0.070
2 0.530 0.111 0.031 0.043
2 0.591 0.101 0.048 0.058
2 0.851 0.083 0.212 0.166
