0 0.221 0.569 0.043 0.043
0 0.279 0.565 0.038 0.046
0 0.319 0.564 0.036 0.039
0 0.376 0.567 0.036 0.041
0 0.441 0.577 0.036 0.041
0 0.410 0.557 0.031 0.039
0 0.560 0.572 0.038 0.036
0 0.812 0.566 0.053 0.053
0 0.712 0.552 0.029 0.029
0 0.570 0.527 0.029 0.036
0 0.221 0.930 0.043 0.043
0 0.279 0.936 0.038 0.046
0 0.319 0.935 0.036 0.039
0 0.376 0.934 0.036 0.041
0 0.441 0.924 0.036 0.041
0 0.410 0.942 0.031 0.039
0 0.560 0.929 0.038 0.036
0 0.812 0.933 0.053 0.053
0 0.712 0.947 0.029 0.029
0 0.570 0.975 0.029 0.036
