2 0.314 0.395 0.055 0.058
2 0.460 0.382 0.031 0.055
2 0.105 0.396 0.041 0.046
2 0.270 0.382 0.031 0.046
2 0.347 0.392 0.026 0.031
2 0.483 0.392 0.019 0.036
2 0.500 0.394 0.024 0.031
2 0.547 0.394 0.031 0.041
2 0.626 0.399 0.031 0.031
2 0.672 0.390 0.041 0.048
2 0.703 0.380 0.031 0.046
2 0.314 0.111 0.055 0.058
2 0.460 0.127 0.031 0.055
2 0.105 0.112 0.041 0.046
2 0.270 0.127 0.031 0.046
2 0.347 0.117 0.026 0.031
2 0.483 0.117 0.019 0.036
2 0.500 0.114 0.024 0.031
2 0.547 0.114 0.031 0.041
2 0.626 0.110 0.031 0.031
2 0.672 0.116 0.041 0.048
2 0.703 0.129 0.031 0.046
