2 0.041 0.357 0.048 0.055
2 0.130 0.350 0.067 0.084
2 0.226 0.374 0.048 0.065
2 0.357 0.370 0.070 0.082
2 0.405 0.373 0.041 0.058
2 0.482 0.359 0.055 0.084
2 0.513 0.375 0.026 0.048
2 0.582 0.346 0.072 0.096
2 0.617 0.362 0.046 0.070
2 0.768 0.403 0.050 0.070
2 0.816 0.364 0.050 0.060
2 0.885 0.381 0.087 0.094
2 0.947 0.376 0.038 0.060
2 0.041 0.030 0.048 0.055
2 0.131 0.040 0.070 0.079
2 0.227 0.023 0.050 0.046
2 0.356 0.029 0.072 0.058
2 0.404 0.022 0.043 0.043
2 0.481 0.035 0.058 0.070
2 0.512 0.018 0.029 0.036
2 0.583 0.044 0.075 0.089
2 0.615 0.030 0.048 0.060
2 0.767 0.010 0.053 0.019
2 0.815 0.026 0.053 0.053
2 0.886 0.026 0.089 0.053
2 0.948 0.020 0.041 0.041
