0 0.722 0.473 0.075 0.070
0 0.329 0.304 0.058 0.053
0 0.427 0.289 0.050 0.063
0 0.332 0.167 0.043 0.055
0 0.627 0.166 0.048 0.058
0 0.808 0.487 0.058 0.067
2 0.162 0.282 0.041 0.043
2 0.043 0.182 0.024 0.046
2 0.845 0.300 0.041 0.046
2 0.797 0.249 0.041 0.046
2 0.734 0.228 0.046 0.051
2 0.609 0.448 0.055 0.048
2 0.498 0.370 0.058 0.046
2 0.587 0.376 0.058 0.048
2 0.296 0.199 0.043 0.041
2 0.418 0.182 0.034 0.046
2 0.448 0.175 0.036 0.046
2 0.481 0.184 0.034 0.046
2 0.517 0.178 0.034 0.043
2 0.559 0.160 0.050 0.055
0 0.333 0.016 0.046 0.031
0 0.629 0.017 0.050 0.034
2 0.044 0.006 0.026 0.012
2 0.419 0.006 0.036 0.012
2 0.447 0.010 0.038 0.019
2 0.482 0.005 0.036 0.010
2 0.518 0.007 0.036 0.014
2 0.558 0.019 0.053 0.039
