0 0.166 0.395 0.115 0.207
0 0.321 0.328 0.070 0.106
0 0.203 0.328 0.055 0.082
0 0.078 0.340 0.151 0.347
2 0.732 0.389 0.065 0.084
2 0.618 0.340 0.072 0.092
2 0.543 0.347 0.077 0.106
2 0.856 0.375 0.067 0.084
2 0.395 0.300 0.099 0.123
2 0.968 0.383 0.060 0.072
2 0.917 0.373 0.046 0.063
2 0.451 0.333 0.046 0.087
2 0.843 0.339 0.060 0.075
2 0.673 0.380 0.034 0.055
0 0.320 0.028 0.072 0.055
0 0.202 0.022 0.058 0.043
0 0.077 0.082 0.154 0.164
2 0.619 0.018 0.075 0.036
2 0.544 0.018 0.079 0.036
2 0.394 0.046 0.101 0.092
2 0.450 0.020 0.048 0.041
2 0.841 0.014 0.062 0.029
