0 0.755 0.302 0.082 0.113
0 0.171 0.300 0.082 0.104
0 0.444 0.329 0.065 0.094
0 0.519 0.327 0.082 0.113
0 0.252 0.318 0.058 0.082
0 0.609 0.314 0.065 0.099
0 0.341 0.311 0.058 0.092
0 0.832 0.323 0.111 0.130
0 0.030 0.341 0.055 0.084
0 0.975 0.386 0.046 0.058
0 0.114 0.341 0.060 0.060
0 0.756 0.045 0.084 0.089
0 0.172 0.043 0.084 0.087
0 0.442 0.027 0.067 0.053
0 0.520 0.033 0.084 0.065
0 0.254 0.029 0.060 0.058
0 0.608 0.035 0.067 0.070
0 0.343 0.035 0.060 0.070
0 0.833 0.039 0.113 0.077
0 0.029 0.018 0.058 0.036
0 0.113 0.012 0.062 0.024
