0 0.470 0.291 0.075 0.091
0 0.572 0.278 0.067 0.084
0 0.618 0.346 0.082 0.096
0 0.305 0.249 0.111 0.113
0 0.517 0.236 0.053 0.077
0 0.194 0.261 0.084 0.118
0 0.411 0.251 0.053 0.075
0 0.040 0.209 0.050 0.067
0 0.133 0.261 0.050 0.084
2 0.947 0.302 0.096 0.118
2 0.886 0.376 0.132 0.137
0 0.469 0.044 0.077 0.089
0 0.572 0.056 0.067 0.084
0 0.619 0.018 0.084 0.036
0 0.305 0.085 0.111 0.113
0 0.517 0.096 0.053 0.077
0 0.194 0.073 0.084 0.118
0 0.411 0.083 0.053 0.075
0 0.040 0.123 0.050 0.067
0 0.133 0.073 0.050 0.084
2 0.948 0.046 0.099 0.091
