0 0.599 0.375 0.111 0.130
0 0.852 0.424 0.070 0.084
0 0.155 0.424 0.079 0.099
0 0.097 0.418 0.050 0.067
0 0.774 0.403 0.053 0.070
0 0.398 0.450 0.099 0.159
0 0.957 0.393 0.053 0.108
0 0.453 0.399 0.031 0.048
0 0.721 0.424 0.043 0.046
0 0.695 0.407 0.024 0.031
2 0.507 0.393 0.034 0.046
0 0.600 0.062 0.113 0.125
0 0.851 0.026 0.072 0.053
0 0.154 0.030 0.082 0.060
0 0.096 0.025 0.053 0.050
0 0.775 0.034 0.055 0.067
0 0.397 0.032 0.101 0.065
0 0.958 0.048 0.055 0.096
0 0.453 0.034 0.031 0.048
0 0.722 0.017 0.046 0.034
0 0.695 0.028 0.024 0.031
2 0.507 0.042 0.034 0.046
