0 0.412 0.260 0.065 0.111
0 0.708 0.286 0.123 0.168
0 0.476 0.291 0.067 0.087
0 0.885 0.309 0.096 0.127
0 0.219 0.315 0.125 0.159
0 0.105 0.276 0.084 0.115
0 0.343 0.288 0.089 0.115
0 0.591 0.312 0.048 0.072
0 0.517 0.305 0.024 0.082
0 0.281 0.300 0.053 0.091
0 0.025 0.309 0.041 0.113
0 0.547 0.328 0.031 0.060
0 0.826 0.317 0.046 0.058
0 0.411 0.048 0.067 0.096
0 0.707 0.049 0.125 0.099
0 0.477 0.026 0.070 0.053
0 0.886 0.028 0.099 0.055
0 0.220 0.032 0.127 0.065
0 0.103 0.041 0.087 0.082
0 0.341 0.035 0.091 0.070
0 0.593 0.012 0.050 0.024
0 0.518 0.018 0.026 0.036
0 0.282 0.023 0.055 0.046
0 0.024 0.024 0.043 0.048
0 0.825 0.006 0.048 0.012
