0 0.552 0.419 0.055 0.065
0 0.746 0.415 0.065 0.075
0 0.978 0.433 0.038 0.072
2 0.220 0.410 0.060 0.070
2 0.044 0.419 0.060 0.070
2 0.633 0.416 0.055 0.062
2 0.320 0.457 0.058 0.062
2 0.700 0.421 0.043 0.062
2 0.486 0.422 0.053 0.060
0 0.393 0.450 0.055 0.072
0 0.550 0.026 0.058 0.053
0 0.745 0.031 0.067 0.062
0 0.980 0.022 0.041 0.043
2 0.219 0.032 0.062 0.065
2 0.043 0.028 0.062 0.055
2 0.632 0.028 0.058 0.055
2 0.321 0.007 0.060 0.014
2 0.701 0.025 0.046 0.050
2 0.487 0.024 0.055 0.048
0 0.392 0.013 0.058 0.026
