0 0.631 0.260 0.070 0.082
0 0.571 0.326 0.070 0.108
0 0.819 0.404 0.123 0.149
0 0.406 0.280 0.072 0.108
0 0.715 0.243 0.070 0.077
0 0.516 0.262 0.060 0.072
0 0.707 0.319 0.077 0.113
0 0.906 0.276 0.087 0.101
0 0.202 0.446 0.139 0.161
0 0.273 0.333 0.079 0.103
0 0.773 0.306 0.070 0.103
0 0.102 0.331 0.094 0.113
0 0.569 0.246 0.055 0.075
0 0.084 0.433 0.130 0.159
0 0.638 0.362 0.094 0.127
0 0.344 0.373 0.106 0.130
0 0.465 0.356 0.103 0.154
0 0.972 0.381 0.050 0.137
0 0.347 0.250 0.046 0.072
0 0.244 0.269 0.060 0.062
0 0.631 0.111 0.070 0.082
0 0.570 0.050 0.072 0.101
0 0.817 0.022 0.125 0.043
0 0.406 0.093 0.072 0.108
0 0.715 0.127 0.070 0.077
0 0.516 0.108 0.060 0.072
0 0.708 0.055 0.079 0.111
0 0.906 0.094 0.087 0.101
0 0.272 0.046 0.082 0.091
0 0.773 0.066 0.070 0.103
0 0.101 0.049 0.096 0.099
0 0.569 0.126 0.055 0.075
0 0.637 0.037 0.096 0.075
0 0.345 0.032 0.108 0.065
0 0.464 0.047 0.106 0.094
0 0.971 0.030 0.053 0.060
0 0.347 0.120 0.046 0.072
0 0.244 0.101 0.060 0.062
