0 0.904 0.316 0.062 0.077
0 0.364 0.325 0.055 0.077
0 0.091 0.334 0.053 0.070
0 0.517 0.320 0.048 0.072
0 0.681 0.325 0.046 0.072
0 0.214 0.352 0.058 0.067
0 0.454 0.346 0.034 0.060
2 0.769 0.340 0.038 0.058
0 0.716 0.347 0.034 0.048
0 0.572 0.337 0.034 0.053
0 0.601 0.348 0.029 0.046
0 0.633 0.346 0.036 0.055
0 0.254 0.337 0.026 0.058
0 0.310 0.341 0.029 0.041
0 0.905 0.029 0.065 0.058
0 0.363 0.024 0.058 0.048
0 0.093 0.018 0.055 0.036
0 0.518 0.025 0.050 0.051
0 0.680 0.023 0.048 0.046
0 0.215 0.008 0.060 0.017
0 0.456 0.010 0.036 0.019
2 0.770 0.012 0.041 0.024
0 0.718 0.006 0.036 0.012
0 0.573 0.012 0.036 0.024
0 0.602 0.005 0.031 0.010
0 0.632 0.008 0.038 0.017
0 0.252 0.013 0.029 0.027
0 0.311 0.007 0.031 0.014
