0 0.947 0.270 0.096 0.127
0 0.787 0.268 0.094 0.113
0 0.167 0.297 0.118 0.151
0 0.899 0.530 0.178 0.209
0 0.683 0.469 0.087 0.096
0 0.053 0.315 0.091 0.115
0 0.416 0.309 0.077 0.108
0 0.833 0.471 0.108 0.130
0 0.685 0.311 0.062 0.075
0 0.504 0.296 0.050 0.072
0 0.600 0.340 0.050 0.070
0 0.552 0.315 0.046 0.062
0 0.948 0.047 0.099 0.094
0 0.786 0.044 0.096 0.089
0 0.166 0.040 0.120 0.079
0 0.054 0.022 0.094 0.043
0 0.417 0.023 0.079 0.046
0 0.686 0.013 0.065 0.026
0 0.502 0.020 0.053 0.041
0 0.550 0.008 0.048 0.017
