2 0.173 0.376 0.077 0.084
2 0.072 0.339 0.067 0.062
2 0.714 0.315 0.072 0.077
2 0.232 0.327 0.060 0.077
2 0.924 0.428 0.118 0.144
2 0.856 0.339 0.058 0.058
2 0.797 0.364 0.079 0.103
2 0.038 0.410 0.072 0.118
2 0.094 0.395 0.067 0.118
2 0.486 0.310 0.053 0.058
2 0.748 0.361 0.043 0.096
2 0.173 0.059 0.077 0.084
2 0.072 0.094 0.067 0.062
2 0.714 0.118 0.072 0.077
2 0.232 0.106 0.060 0.077
2 0.923 0.040 0.120 0.079
2 0.856 0.094 0.058 0.058
2 0.797 0.071 0.079 0.103
2 0.040 0.042 0.075 0.084
2 0.095 0.049 0.070 0.099
2 0.486 0.123 0.053 0.058
2 0.748 0.072 0.043 0.096
