2 0.843 0.488 0.060 0.070
2 0.581 0.446 0.050 0.077
2 0.517 0.451 0.048 0.063
2 0.141 0.484 0.050 0.063
2 0.689 0.446 0.050 0.067
2 0.790 0.451 0.050 0.067
2 0.721 0.520 0.053 0.077
2 0.386 0.517 0.050 0.070
2 0.236 0.487 0.048 0.063
2 0.740 0.452 0.043 0.060
2 0.285 0.510 0.050 0.055
2 0.840 0.439 0.050 0.063
2 0.178 0.500 0.048 0.065
2 0.309 0.481 0.036 0.051
2 0.355 0.482 0.036 0.053
2 0.339 0.441 0.038 0.053
2 0.429 0.454 0.046 0.065
2 0.470 0.461 0.036 0.051
2 0.450 0.514 0.048 0.065
2 0.524 0.524 0.053 0.070
2 0.633 0.446 0.046 0.053
2 0.630 0.501 0.048 0.072
