2 0.083 0.380 0.065 0.065
2 0.112 0.410 0.036 0.043
2 0.144 0.410 0.029 0.039
2 0.231 0.381 0.043 0.048
0 0.264 0.393 0.034 0.048
2 0.328 0.399 0.031 0.051
2 0.353 0.396 0.034 0.036
2 0.438 0.389 0.029 0.036
2 0.466 0.400 0.029 0.034
2 0.530 0.399 0.036 0.036
2 0.561 0.413 0.026 0.036
2 0.597 0.416 0.026 0.036
2 0.697 0.411 0.024 0.036
2 0.849 0.383 0.029 0.039
2 0.823 0.386 0.022 0.029
2 0.083 0.076 0.065 0.065
2 0.112 0.043 0.036 0.043
2 0.144 0.043 0.029 0.039
2 0.231 0.072 0.043 0.048
0 0.264 0.060 0.034 0.048
2 0.328 0.057 0.031 0.051
2 0.353 0.059 0.034 0.036
2 0.438 0.066 0.029 0.036
2 0.466 0.053 0.029 0.034
2 0.530 0.057 0.036 0.036
2 0.561 0.042 0.026 0.036
2 0.597 0.040 0.026 0.036
2 0.697 0.045 0.024 0.036
2 0.849 0.070 0.029 0.039
2 0.823 0.067 0.022 0.029
