2 0.066 0.362 0.065 0.084
2 0.184 0.322 0.065 0.082
2 0.228 0.268 0.053 0.079
2 0.308 0.329 0.062 0.082
2 0.365 0.308 0.058 0.082
2 0.429 0.260 0.050 0.058
2 0.476 0.335 0.062 0.070
2 0.502 0.282 0.048 0.070
2 0.611 0.285 0.058 0.070
2 0.806 0.389 0.055 0.062
2 0.665 0.290 0.050 0.070
2 0.942 0.359 0.067 0.099
2 0.840 0.323 0.055 0.070
2 0.768 0.291 0.065 0.077
2 0.761 0.231 0.046 0.058
2 0.838 0.255 0.055 0.062
2 0.230 0.012 0.055 0.024
2 0.428 0.011 0.053 0.022
2 0.760 0.025 0.048 0.050
2 0.837 0.014 0.058 0.029
