2 0.232 0.301 0.060 0.077
2 0.305 0.308 0.053 0.072
2 0.142 0.299 0.058 0.111
2 0.596 0.314 0.053 0.060
2 0.088 0.294 0.050 0.106
2 0.380 0.324 0.024 0.046
2 0.041 0.280 0.077 0.227
2 0.351 0.333 0.029 0.048
2 0.486 0.328 0.043 0.063
2 0.453 0.318 0.031 0.058
2 0.537 0.314 0.026 0.046
2 0.701 0.337 0.026 0.039
2 0.675 0.329 0.024 0.046
2 0.231 0.036 0.062 0.072
2 0.306 0.031 0.055 0.063
2 0.143 0.046 0.060 0.092
2 0.597 0.025 0.055 0.051
2 0.087 0.047 0.053 0.094
2 0.381 0.017 0.026 0.034
2 0.042 0.084 0.079 0.169
2 0.352 0.013 0.031 0.027
2 0.487 0.019 0.046 0.039
2 0.452 0.023 0.034 0.046
2 0.536 0.022 0.029 0.043
2 0.700 0.008 0.029 0.017
2 0.677 0.014 0.026 0.029
